5
10 2.40
565.14 542.84 434.34 997.07 964.66 471.18 94.15 185.61 365.49 956.69
73 88 60 1 31 18 98 33 73 58
17 1.40
486.51 570.15 906.48 273.14 975.55 172.80 30.48 521.87 123.75 796.14 724.11 446.33 237.22 63.66 271.43 232.67 157.41
38 46 5 17 4 92 68 2 3 86 87 38 27 71 77 7 28
9 32.10
0.03 376.08 905.55 494.43 246.41 783.56 245.40 782.34 477.86
70 14 12 21 15 17 1 10 83
8 29.00
948.70 992.80 375.68 999.24 358.32 452.86 571.21 757.77
46 66 60 55 99 2 23 50
20 0.01
313.18 283.46 358.99 459.85 814.94 356.46 672.87 116.95 455.92 371.99 484.63 85.12 485.44 768.88 143.84 830.41 228.80 458.39 576.77 55.51
20 43 48 36 94 86 17 70 14 3 21 32 42 63 62 2 56 49 19 25
